51667388
51667388
51667388
51659665
51659665
51659665
51666426
51666426
51666426
51666426
51655533
51655533
51641567
51641567
51627871
51627871
51627871
51627871
51631441
51623806
51623806
51637772
51626606
51626606
51626606
51626606
51592427
51592427
51592427
51592427
51608945
51608945
51600974
51600974
51570856
51571309
51571309
51571309
51571309
51571309
51571309
51573622
51574111
51574111
51574111
51574111
51574111
51574111
51574111
51574111
51573655
51573655
51562258
51561212
51525465
51525465
51525465
51525465
51525465
51525465
51525465
51445866
51445866
51445866
51445866
51445866
51445866
51445866
51445866
51445866
51428664
51428664
51428664
51428664
51428664
51428664
51428664
51428664
51428664
51428664
51428664
51428664
51422845
51422845
51422845
51422845
51422845
51422845
51422845
51422845
51422845
51422845
51422845
51422845
51422845
51422845
51422845
51422845
51422845
51422845
51422845
51422845
51422845
51428664
51428664
51428664
51428664
51428664
51428664
51428664
51428664
51428664
51428664
51428664
51428664
51428664
51416745
51416745
51416745
51416745
51416745
51416745
51416745
51386045
51354215
51354215
51354215
51354215
51327558
51327558
51327558
51327558
51386267
51386267
51375022
51375022
51375022
51375022
51375022
51375022
51375022
51375022
51375022
51362481
51362481
51362481
51362481
51340947
51340947
51340947
51433694
51493860
51493860
51532231
51532231
51532231
51532231
51534650
51547864
51547864
51535378
51535378
51535378
51535378
51535378
51572009
51572009
51572009
51572009
51572009
51559307
51559307
51559307
51559307
51559307
51559307
51559307
51559307
51623880
51674565
51674565
51709751
51709751
51670127
51670127
51670127
51670127
51676062
51683855
51683855
51683855
51683855
51703208
51721472
51721472
51721472
51721472
51706731
51706731
51706731
51756179
51784318
51784318
51797975
51797975
51797975
51878101
51878101
51878101
51878101
51931475
51959648
51939966
51885970
51949276
51949276
51949276
51949877
51949877
51997125
52017882
