1 25 82
1 3
1 8
1 13
1 17
1 21
1 22
1 25
2 4
2 6
2 7
2 12
2 18
2 22
2 24
3 4
3 12
3 15
3 21
3 22
3 25
4 21
4 22
5 6
5 7
5 8
5 10
5 13
5 15
5 16
5 17
5 20
5 23
5 24
6 11
6 13
6 18
6 19
6 21
7 8
7 9
7 13
7 18
7 21
7 25
8 9
8 10
8 16
8 20
8 24
9 10
9 17
9 21
9 22
9 23
10 13
10 23
11 12
11 15
11 18
11 21
11 24
12 14
12 19
13 15
13 16
13 18
13 19
13 22
13 24
14 15
14 24
14 25
15 23
16 18
16 19
18 23
18 24
19 20
19 23
20 24
21 22
22 24
25
18 6 19 16 13 1 17 9 23 10 5 20 24 8 7 25 3 22 21 4 2 12 14 15 11 
